20, 20000
20, 19999
20, 19998
20, 19997
20, 19996
20, 19995
20, 19994
20, 19993
20, 19992
20, 19991
20, 19990
20, 19989
20, 19988
20, 19987
20, 19986
20, 19985
20, 19984
20, 19983
20, 19982
20, 19981
20, 19980
20, 19979
20, 19978
20, 19977
20, 19976
20, 19975
20, 19974
20, 19973
20, 19972
20, 19971
20, 19970
20, 19969
20, 19968
20, 19967
20, 19966
20, 19965
20, 19964
20, 19963
20, 19962
20, 19961
20, 19960
20, 19959
20, 19958
20, 19957
20, 19956
20, 19955
20, 19954
20, 19953
20, 19952
20, 19951
20, 19950
20, 19949
20, 19948
20, 19947
20, 19946
20, 19945
20, 19944
20, 19943
20, 19942
20, 19941
20, 19940
20, 19939
20, 19938
20, 19937
20, 19936
20, 19935
20, 19934
20, 19933
20, 19932
20, 19931
20, 19930
20, 19929
20, 19928
20, 19927
20, 19926
20, 19925
20, 19924
20, 19923
20, 19922
20, 19921
20, 19920
20, 19919
20, 19918
20, 19917
20, 19916
20, 19915
20, 19914
20, 19913
20, 19912
20, 19911
20, 19910
20, 19909
20, 19908
20, 19907
20, 19906
20, 19905
20, 19904
20, 19903
20, 19902
20, 19901
20, 19900
20, 19899
20, 19898
20, 19897
20, 19896
20, 19895
20, 19894
20, 19893
20, 19892
20, 19891
20, 19890
20, 19889
20, 19888
20, 19887
20, 19886
20, 19885
20, 19884
20, 19883
20, 19882
20, 19881
20, 19880
20, 19879
20, 19878
20, 19877
20, 19876
20, 19875
20, 19874
20, 19873
20, 19872
20, 19871
20, 19870
20, 19869
20, 19868
20, 19867
20, 19866
20, 19865
20, 19864
20, 19863
20, 19862
20, 19861
20, 19860
20, 19859
20, 19858
20, 19857
20, 19856
20, 19855
20, 19854
20, 19853
20, 19852
20, 19851
20, 19850
20, 19849
20, 19848
20, 19847
20, 19846
20, 19845
20, 19844
20, 19843
20, 19842
20, 19841
20, 19840
20, 19839
20, 19838
20, 19837
20, 19836
20, 19835
20, 19834
20, 19833
20, 19832
20, 19831
20, 19830
20, 19829
20, 19828
20, 19827
20, 19826
20, 19825
20, 19824
20, 19823
20, 19822
20, 19821
20, 19820
20, 19819
20, 19818
20, 19817
20, 19816
20, 19815
20, 19814
20, 19813
20, 19812
20, 19811
20, 19810
20, 19809
20, 19808
20, 19807
20, 19806
20, 19805
20, 19804
20, 19803
20, 19802
20, 19801
20, 19800
20, 19799
20, 19798
20, 19797
20, 19796
20, 19795
20, 19794
20, 19793
20, 19792
20, 19791
20, 19790
20, 19789
20, 19788
20, 19787
20, 19786
20, 19785
20, 19784
20, 19783
20, 19782
20, 19781
20, 19780
20, 19779
20, 19778
20, 19777
20, 19776
20, 19775
20, 19774
20, 19773
20, 19772
20, 19771
20, 19770
20, 19769
20, 19768
20, 19767
20, 19766
20, 19765
20, 19764
20, 19763
20, 19762
20, 19761
20, 19760
20, 19759
20, 19758
20, 19757
20, 19756
20, 19755
20, 19754
20, 19753
20, 19752
20, 19751
20, 19750
20, 19749
20, 19748
20, 19747
20, 19746
20, 19745
20, 19744
20, 19743
20, 19742
20, 19741
20, 19740
20, 19739
20, 19738
20, 19737
20, 19736
20, 19735
20, 19734
20, 19733
20, 19732
20, 19731
20, 19730
20, 19729
20, 19728
20, 19727
20, 19726
20, 19725
20, 19724
20, 19723
20, 19722
20, 19721
20, 19720
20, 19719
20, 19718
20, 19717
20, 19716
20, 19715
20, 19714
20, 19713
20, 19712
20, 19711
20, 19710
20, 19709
20, 19708
20, 19707
20, 19706
20, 19705
20, 19704
20, 19703
20, 19702
20, 19701
20, 19700
20, 19699
20, 19698
20, 19697
20, 19696
20, 19695
20, 19694
20, 19693
20, 19692
20, 19691
20, 19690
20, 19689
20, 19688
20, 19687
20, 19686
20, 19685
20, 19684
20, 19683
20, 19682
20, 19681
20, 19680
20, 19679
20, 19678
20, 19677
20, 19676
20, 19675
20, 19674
20, 19673
20, 19672
20, 19671
20, 19670
20, 19669
20, 19668
20, 19667
20, 19666
20, 19665
20, 19664
20, 19663
20, 19662
20, 19661
20, 19660
20, 19659
20, 19658
20, 19657
20, 19656
20, 19655
20, 19654
20, 19653
20, 19652
20, 19651
20, 19650
20, 19649
20, 19648
20, 19647
20, 19646
20, 19645
20, 19644
20, 19643
20, 19642
20, 19641
20, 19640
20, 19639
20, 19638
20, 19637
20, 19636
20, 19635
20, 19634
20, 19633
20, 19632
20, 19631
20, 19630
20, 19629
20, 19628
20, 19627
20, 19626
20, 19625
20, 19624
20, 19623
20, 19622
20, 19621
20, 19620
20, 19619
20, 19618
20, 19617
20, 19616
20, 19615
20, 19614
20, 19613
20, 19612
20, 19611
20, 19610
20, 19609
20, 19608
20, 19607
20, 19606
20, 19605
20, 19604
20, 19603
20, 19602
20, 19601
20, 19600
20, 19599
20, 19598
20, 19597
20, 19596
20, 19595
20, 19594
20, 19593
20, 19592
20, 19591
20, 19590
20, 19589
20, 19588
20, 19587
20, 19586
20, 19585
20, 19584
20, 19583
20, 19582
20, 19581
20, 19580
20, 19579
20, 19578
20, 19577
20, 19576
20, 19575
20, 19574
20, 19573
20, 19572
20, 19571
20, 19570
20, 19569
20, 19568
20, 19567
20, 19566
20, 19565
20, 19564
20, 19563
20, 19562
20, 19561
20, 19560
20, 19559
20, 19558
20, 19557
20, 19556
20, 19555
20, 19554
20, 19553
20, 19552
20, 19551
20, 19550
20, 19549
20, 19548
20, 19547
20, 19546
20, 19545
20, 19544
20, 19543
20, 19542
20, 19541
20, 19540
20, 19539
20, 19538
20, 19537
20, 19536
20, 19535
20, 19534
20, 19533
20, 19532
20, 19531
20, 19530
20, 19529
20, 19528
20, 19527
20, 19526
20, 19525
20, 19524
20, 19523
20, 19522
20, 19521
20, 19520
20, 19519
20, 19518
20, 19517
20, 19516
20, 19515
20, 19514
20, 19513
20, 19512
20, 19511
20, 19510
20, 19509
20, 19508
20, 19507
20, 19506
20, 19505
20, 19504
20, 19503
20, 19502
20, 19501
20, 19500
20, 19499
20, 19498
20, 19497
20, 19496
20, 19495
20, 19494
20, 19493
20, 19492
20, 19491
20, 19490
20, 19489
20, 19488
20, 19487
20, 19486
20, 19485
20, 19484
20, 19483
20, 19482
20, 19481
20, 19480
20, 19479
20, 19478
20, 19477
20, 19476
20, 19475
20, 19474
20, 19473
20, 19472
20, 19471
20, 19470
20, 19469
20, 19468
20, 19467
20, 19466
20, 19465
20, 19464
20, 19463
20, 19462
20, 19461
20, 19460
20, 19459
20, 19458
20, 19457
20, 19456
20, 19455
20, 19454
20, 19453
20, 19452
20, 19451
20, 19450
20, 19449
20, 19448
20, 19447
20, 19446
20, 19445
20, 19444
20, 19443
20, 19442
20, 19441
20, 19440
20, 19439
20, 19438
20, 19437
20, 19436
20, 19435
20, 19434
20, 19433
20, 19432
20, 19431
20, 19430
20, 19429
20, 19428
20, 19427
20, 19426
20, 19425
20, 19424
20, 19423
20, 19422
20, 19421
20, 19420
20, 19419
20, 19418
20, 19417
20, 19416
20, 19415
20, 19414
20, 19413
20, 19412
20, 19411
20, 19410
20, 19409
20, 19408
20, 19407
20, 19406
20, 19405
20, 19404
20, 19403
20, 19402
20, 19401
20, 19400
20, 19399
20, 19398
20, 19397
20, 19396
20, 19395
20, 19394
20, 19393
20, 19392
20, 19391
20, 19390
20, 19389
20, 19388
20, 19387
20, 19386
20, 19385
20, 19384
20, 19383
20, 19382
20, 19381
20, 19380
20, 19379
20, 19378
20, 19377
20, 19376
20, 19375
20, 19374
20, 19373
20, 19372
20, 19371
20, 19370
20, 19369
20, 19368
20, 19367
20, 19366
20, 19365
20, 19364
20, 19363
20, 19362
20, 19361
20, 19360
20, 19359
20, 19358
20, 19357
20, 19356
20, 19355
20, 19354
20, 19353
20, 19352
20, 19351
20, 19350
20, 19349
20, 19348
20, 19347
20, 19346
20, 19345
20, 19344
20, 19343
20, 19342
20, 19341
20, 19340
20, 19339
20, 19338
20, 19337
20, 19336
20, 19335
20, 19334
20, 19333
